00010
00020
00030
00040
00051
00052
00053
00500
00520
00620
00630
00640
00650
00562
00190
00910
00920
00061
00062
00071
00072
00100
00120
00140
00561
00564
00565
00600
00590
00591
00592
01040
00230
00240
00250
00260
00270
00280
00290
00300
00310
00220
00330
00340
00350
00360
00380
00400
00410
00430
00450
00471
00472
00480
00510
00512
00514
00532
00534
00533
00531
00563
00601
00603
00604
00511
00730
00740
00750
00760
00770
00780
00785
00790
00670
00830
00860
00130
00900
00232
00524
00980
00982
00983
